Epoch:0	SE:0.672430157661438
Epoch:1	SE:0.5519353151321411
Epoch:2	SE:0.3415275514125824
Epoch:3	SE:0.2734927237033844
