Epoch:0	RMSE:0.7903901934623718
Epoch:1	RMSE:0.6617889404296875
Epoch:2	RMSE:0.5345864295959473
Epoch:3	RMSE:0.5222742557525635
